230101 Jack Class_one 61 24 33 47 58 36 47 68 89 10 3.50 5.00 3.50 1.00 0.75 1.25 2.50 3.00 2.50 0.50
230102 Peter Class_one 21 72 93 24 75 96 12 28 99 10 3.50 5.00 3.50 1.00 0.75 1.25 2.50 3.00 2.50 0.50
230103 Lily Class_one 41 52 13 44 55 47 87 58 69 12 3.50 5.00 3.50 1.00 0.75 1.25 2.50 3.00 2.50 0.50
230104 July Class_one 61 62 63 64 65 66 67 68 69 70 3.50 5.00 3.50 1.00 0.75 1.25 2.50 3.00 2.50 0.50
230105 Frank Class_one 81 82 83 84 85 86 87 88 89 90 3.50 5.00 3.50 1.00 0.75 1.25 2.50 3.00 2.50 0.50
230201 Judy Class_two 51 24 58 74 24 87 98 13 34 45 3.50 5.00 3.50 1.00 0.75 1.25 2.50 3.00 2.50 0.50
230202 Tom Class_two 53 46 75 23 44 98 79 89 68 98 3.50 5.00 3.50 1.00 0.75 1.25 2.50 3.00 2.50 0.50
230203 Jim Class_two 89 78 80 89 67 94 89 21 34 92 3.50 5.00 3.50 1.00 0.75 1.25 2.50 3.00 2.50 0.50
230301 Jerry Class_three 87 98 78 67 98 89 89 78 76 43 3.50 5.00 3.50 1.00 0.75 1.25 2.50 3.00 2.50 0.50
230302 Andy Class_three 98 78 67 98 43 24 35 87 34 93 3.50 5.00 3.50 1.00 0.75 1.25 2.50 3.00 2.50 0.50
